23 70 72 61 67 6d 61 20  6f 6e 63 65 0d 0a 23 69
6e 63 6c 75 64 65 20 22  43 6f 72 65 4d 69 6e 69
6d 61 6c 2e 68 22 0d 0a  23 69 6e 63 6c 75 64 65
20 22 53 75 62 73 79 73  74 65 6d 73 2f 57 6f 72
6c 64 53 75 62 73 79 73  74 65 6d 2e 68 22 0d 0a
23 69 6e 63 6c 75 64 65  20 22 50 72 65 73 65 6e
74 61 74 69 6f 6e 53 75  62 73 79 73 74 65 6d 2e
67 65 6e 65 72 61 74 65  64 2e 68 22 0d 0a 0d 0a
55 53 54 52 55 43 54 28  42 6c 75 65 70 72 69 6e
74 54 79 70 65 29 0d 0a  73 74 72 75 63 74 20 46
4f 70 65 72 61 74 69 6f  6e 48 61 6e 64 6c 65 0d
0a 7b 0d 0a 09 47 45 4e  45 52 41 54 45 44 5f 42
4f 44 59 28 29 0d 0a 09  55 50 52 4f 50 45 52 54
59 28 29 0d 0a 09 46 47  75 69 64 20 49 44 3b 0d
0a 09 62 6f 6f 6c 20 49  73 56 61 6c 69 64 28 29
20 63 6f 6e 73 74 20 7b  20 72 65 74 75 72 6e 20
49 44 2e 49 73 56 61 6c  69 64 28 29 3b 20 7d 0d
0a 09 46 4f 70 65 72 61  74 69 6f 6e 48 61 6e 64
6c 65 28 29 20 3a 20 49  44 28 29 20 7b 7d 0d 0a
09 65 78 70 6c 69 63 69  74 20 46 4f 70 65 72 61
74 69 6f 6e 48 61 6e 64  6c 65 28 63 6f 6e 73 74
20 46 47 75 69 64 26 20  49 6e 49 44 29 20 3a 20
49 44 28 49 6e 49 44 29  20 7b 7d 0d 0a 09 62 6f
6f 6c 20 6f 70 65 72 61  74 6f 72 3d 3d 28 63 6f
6e 73 74 20 46 4f 70 65  72 61 74 69 6f 6e 48 61
6e 64 6c 65 26 20 4f 74  68 65 72 29 20 63 6f 6e
73 74 20 7b 20 72 65 74  75 72 6e 20 49 44 20 3d
3d 20 4f 74 68 65 72 2e  49 44 3b 20 7d 0d 0a 09
66 72 69 65 6e 64 20 75  69 6e 74 33 32 20 47 65
74 54 79 70 65 48 61 73  68 28 63 6f 6e 73 74 20
46 4f 70 65 72 61 74 69  6f 6e 48 61 6e 64 6c 65
26 20 48 61 6e 64 6c 65  29 20 7b 20 72 65 74 75
72 6e 20 47 65 74 54 79  70 65 48 61 73 68 28 48
61 6e 64 6c 65 2e 49 44  29 3b 20 7d 0d 0a 7d 3b
0d 0a 0d 0a 55 53 54 52  55 43 54 28 42 6c 75 65
70 72 69 6e 74 54 79 70  65 29 0d 0a 73 74 72 75
63 74 20 46 42 61 74 63  68 48 61 6e 64 6c 65 0d
0a 7b 0d 0a 09 47 45 4e  45 52 41 54 45 44 5f 42
4f 44 59 28 29 0d 0a 09  55 50 52 4f 50 45 52 54
59 28 29 0d 0a 09 46 47  75 69 64 20 49 44 3b 0d
0a 09 62 6f 6f 6c 20 49  73 56 61 6c 69 64 28 29
20 63 6f 6e 73 74 20 7b  20 72 65 74 75 72 6e 20
49 44 2e 49 73 56 61 6c  69 64 28 29 3b 20 7d 0d
0a 09 46 42 61 74 63 68  48 61 6e 64 6c 65 28 29
20 3a 20 49 44 28 29 20  7b 7d 0d 0a 09 65 78 70
6c 69 63 69 74 20 46 42  61 74 63 68 48 61 6e 64
6c 65 28 63 6f 6e 73 74  20 46 47 75 69 64 26 20
49 6e 49 44 29 20 3a 20  49 44 28 49 6e 49 44 29
20 7b 7d 0d 0a 7d 3b 0d  0a 0d 0a 44 45 43 4c 41
52 45 5f 44 59 4e 41 4d  49 43 5f 4d 55 4c 54 49
43 41 53 54 5f 44 45 4c  45 47 41 54 45 28 46 4f
6e 41 6c 6c 50 72 65 73  65 6e 74 61 74 69 6f 6e
73 43 6f 6d 70 6c 65 74  65 29 3b 0d 0a 44 45 43
4c 41 52 45 5f 4d 55 4c  54 49 43 41 53 54 5f 44
45 4c 45 47 41 54 45 5f  4f 6e 65 50 61 72 61 6d
28 46 4f 6e 42 61 74 63  68 43 6f 6d 70 6c 65 74
65 4e 61 74 69 76 65 2c  20 46 42 61 74 63 68 48
61 6e 64 6c 65 29 3b 0d  0a 0d 0a 2f 2f 20 46 6f
72 77 61 72 64 20 64 65  63 6c 61 72 61 74 69 6f
6e 73 20 66 6f 72 20 69  6e 74 65 72 6e 61 6c 20
73 74 72 75 63 74 73 0d  0a 55 53 54 52 55 43 54
28 29 0d 0a 73 74 72 75  63 74 20 46 50 72 65 73
65 6e 74 61 74 69 6f 6e  4f 70 65 72 61 74 69 6f
6e 0d 0a 7b 0d 0a 09 47  45 4e 45 52 41 54 45 44
5f 42 4f 44 59 28 29 0d  0a 0d 0a 09 55 50 52 4f
50 45 52 54 59 28 29 0d  0a 09 46 53 74 72 69 6e
67 20 44 65 62 75 67 4c  61 62 65 6c 3b 0d 0a 0d
0a 09 46 42 61 74 63 68  48 61 6e 64 6c 65 20 4f
77 6e 69 6e 67 42 61 74  63 68 3b 0d 0a 7d 3b 0d
0a 0d 0a 55 53 54 52 55  43 54 28 29 0d 0a 73 74
72 75 63 74 20 46 50 72  65 73 65 6e 74 61 74 69
6f 6e 42 61 74 63 68 0d  0a 7b 0d 0a 09 47 45 4e
45 52 41 54 45 44 5f 42  4f 44 59 28 29 0d 0a 0d
0a 09 55 50 52 4f 50 45  52 54 59 28 29 0d 0a 09
46 53 74 72 69 6e 67 20  4e 61 6d 65 3b 0d 0a 0d
0a 09 54 53 65 74 3c 46  4f 70 65 72 61 74 69 6f
6e 48 61 6e 64 6c 65 3e  20 50 65 6e 64 69 6e 67
4f 70 65 72 61 74 69 6f  6e 73 3b 0d 0a 0d 0a 09
55 50 52 4f 50 45 52 54  59 28 29 0d 0a 09 62 6f
6f 6c 20 62 45 6e 64 65  64 20 3d 20 66 61 6c 73
65 3b 0d 0a 0d 0a 09 62  6f 6f 6c 20 49 73 43 6f
6d 70 6c 65 74 65 28 29  20 63 6f 6e 73 74 20 7b
20 72 65 74 75 72 6e 20  62 45 6e 64 65 64 20 26
26 20 50 65 6e 64 69 6e  67 4f 70 65 72 61 74 69
6f 6e 73 2e 49 73 45 6d  70 74 79 28 29 3b 20 7d
0d 0a 7d 3b 0d 0a 0d 0a  55 43 4c 41 53 53 28 29
0d 0a 63 6c 61 73 73 20  4b 42 53 5f 41 50 49 20
55 50 72 65 73 65 6e 74  61 74 69 6f 6e 53 75 62
73 79 73 74 65 6d 20 3a  20 70 75 62 6c 69 63 20
55 57 6f 72 6c 64 53 75  62 73 79 73 74 65 6d 0d
0a 7b 0d 0a 09 47 45 4e  45 52 41 54 45 44 5f 42
4f 44 59 28 29 0d 0a 0d  0a 70 75 62 6c 69 63 3a
0d 0a 09 2f 2f 20 53 75  62 73 79 73 74 65 6d 20
6c 69 66 65 63 79 63 6c  65 0d 0a 09 76 69 72 74
75 61 6c 20 76 6f 69 64  20 49 6e 69 74 69 61 6c
69 7a 65 28 46 53 75 62  73 79 73 74 65 6d 43 6f
6c 6c 65 63 74 69 6f 6e  42 61 73 65 26 20 43 6f
6c 6c 65 63 74 69 6f 6e  29 20 6f 76 65 72 72 69
64 65 3b 0d 0a 09 76 69  72 74 75 61 6c 20 76 6f
69 64 20 44 65 69 6e 69  74 69 61 6c 69 7a 65 28
29 20 6f 76 65 72 72 69  64 65 3b 0d 0a 0d 0a 09
2f 2f 20 45 61 73 79 20  61 63 63 65 73 73 20 66
72 6f 6d 20 61 6e 79 77  68 65 72 65 20 69 6e 20
74 68 65 20 77 6f 72 6c  64 0d 0a 09 73 74 61 74
69 63 20 55 50 72 65 73  65 6e 74 61 74 69 6f 6e
53 75 62 73 79 73 74 65  6d 2a 20 47 65 74 28 63
6f 6e 73 74 20 55 4f 62  6a 65 63 74 2a 20 57 6f
72 6c 64 43 6f 6e 74 65  78 74 4f 62 6a 65 63 74
29 3b 0d 0a 0d 0a 09 2f  2f 20 42 61 74 63 68 20
41 50 49 20 2d 20 66 6f  72 20 67 72 6f 75 70 69
6e 67 20 73 69 6d 75 6c  74 61 6e 65 6f 75 73 20
6f 70 65 72 61 74 69 6f  6e 73 20 28 65 2e 67 2e
2c 20 41 6f 45 20 61 74  74 61 63 6b 73 29 0d 0a
09 55 46 55 4e 43 54 49  4f 4e 28 42 6c 75 65 70
72 69 6e 74 43 61 6c 6c  61 62 6c 65 2c 20 43 61
74 65 67 6f 72 79 20 3d  20 22 50 72 65 73 65 6e
74 61 74 69 6f 6e 22 29  0d 0a 09 46 42 61 74 63
68 48 61 6e 64 6c 65 20  42 65 67 69 6e 42 61 74
63 68 28 63 6f 6e 73 74  20 46 53 74 72 69 6e 67
26 20 42 61 74 63 68 4e  61 6d 65 29 3b 0d 0a 0d
0a 09 55 46 55 4e 43 54  49 4f 4e 28 42 6c 75 65
70 72 69 6e 74 43 61 6c  6c 61 62 6c 65 2c 20 43
61 74 65 67 6f 72 79 20  3d 20 22 50 72 65 73 65
6e 74 61 74 69 6f 6e 22  29 0d 0a 09 76 6f 69 64
20 45 6e 64 42 61 74 63  68 28 46 42 61 74 63 68
48 61 6e 64 6c 65 20 42  61 74 63 68 48 61 6e 64
6c 65 29 3b 0d 0a 0d 0a  09 2f 2f 20 4f 70 65 72
61 74 69 6f 6e 20 41 50  49 20 2d 20 66 6f 72 20
69 6e 64 69 76 69 64 75  61 6c 20 61 73 79 6e 63
20 6f 70 65 72 61 74 69  6f 6e 73 0d 0a 09 55 46
55 4e 43 54 49 4f 4e 28  42 6c 75 65 70 72 69 6e
74 43 61 6c 6c 61 62 6c  65 2c 20 43 61 74 65 67
6f 72 79 20 3d 20 22 50  72 65 73 65 6e 74 61 74
69 6f 6e 22 29 0d 0a 09  46 4f 70 65 72 61 74 69
6f 6e 48 61 6e 64 6c 65  20 52 65 67 69 73 74 65
72 4f 70 65 72 61 74 69  6f 6e 28 63 6f 6e 73 74
20 46 53 74 72 69 6e 67  26 20 44 65 62 75 67 4c
61 62 65 6c 2c 20 46 42  61 74 63 68 48 61 6e 64
6c 65 20 42 61 74 63 68  48 61 6e 64 6c 65 20 3d
20 46 42 61 74 63 68 48  61 6e 64 6c 65 28 29 29
3b 0d 0a 0d 0a 09 55 46  55 4e 43 54 49 4f 4e 28
42 6c 75 65 70 72 69 6e  74 43 61 6c 6c 61 62 6c
65 2c 20 43 61 74 65 67  6f 72 79 20 3d 20 22 50
72 65 73 65 6e 74 61 74  69 6f 6e 22 29 0d 0a 09
76 6f 69 64 20 55 6e 72  65 67 69 73 74 65 72 4f
70 65 72 61 74 69 6f 6e  28 46 4f 70 65 72 61 74
69 6f 6e 48 61 6e 64 6c  65 20 48 61 6e 64 6c 65
29 3b 0d 0a 0d 0a 09 2f  2f 20 51 75 65 72 79 20
41 50 49 0d 0a 09 55 46  55 4e 43 54 49 4f 4e 28
42 6c 75 65 70 72 69 6e  74 43 61 6c 6c 61 62 6c
65 2c 20 43 61 74 65 67  6f 72 79 20 3d 20 22 50
72 65 73 65 6e 74 61 74  69 6f 6e 22 29 0d 0a 09
62 6f 6f 6c 20 49 73 49  64 6c 65 28 29 20 63 6f
6e 73 74 3b 0d 0a 0d 0a  09 55 46 55 4e 43 54 49
4f 4e 28 42 6c 75 65 70  72 69 6e 74 43 61 6c 6c
61 62 6c 65 2c 20 43 61  74 65 67 6f 72 79 20 3d
20 22 50 72 65 73 65 6e  74 61 74 69 6f 6e 22 29
0d 0a 09 62 6f 6f 6c 20  49 73 42 61 74 63 68 43
6f 6d 70 6c 65 74 65 28  46 42 61 74 63 68 48 61
6e 64 6c 65 20 42 61 74  63 68 48 61 6e 64 6c 65
29 20 63 6f 6e 73 74 3b  0d 0a 0d 0a 09 2f 2f 20
45 76 65 6e 74 73 0d 0a  09 55 50 52 4f 50 45 52
54 59 28 42 6c 75 65 70  72 69 6e 74 41 73 73 69
67 6e 61 62 6c 65 2c 20  43 61 74 65 67 6f 72 79
20 3d 20 22 50 72 65 73  65 6e 74 61 74 69 6f 6e
22 29 0d 0a 09 46 4f 6e  41 6c 6c 50 72 65 73 65
6e 74 61 74 69 6f 6e 73  43 6f 6d 70 6c 65 74 65
20 4f 6e 41 6c 6c 50 72  65 73 65 6e 74 61 74 69
6f 6e 73 43 6f 6d 70 6c  65 74 65 3b 0d 0a 0d 0a
09 46 4f 6e 42 61 74 63  68 43 6f 6d 70 6c 65 74
65 4e 61 74 69 76 65 20  4f 6e 42 61 74 63 68 43
6f 6d 70 6c 65 74 65 4e  61 74 69 76 65 3b 0d 0a
0d 0a 09 2f 2f 20 52 41  49 49 20 48 65 6c 70 65
72 20 66 6f 72 20 61 75  74 6f 6d 61 74 69 63 20
73 69 6e 67 6c 65 20 6f  70 65 72 61 74 69 6f 6e
20 6d 61 6e 61 67 65 6d  65 6e 74 0d 0a 09 63 6c
61 73 73 20 46 53 63 6f  70 65 64 4f 70 65 72 61
74 69 6f 6e 0d 0a 09 7b  0d 0a 09 70 75 62 6c 69
63 3a 0d 0a 09 09 46 53  63 6f 70 65 64 4f 70 65
72 61 74 69 6f 6e 28 55  50 72 65 73 65 6e 74 61
74 69 6f 6e 53 75 62 73  79 73 74 65 6d 2a 20 49
6e 53 75 62 73 79 73 74  65 6d 2c 20 63 6f 6e 73
74 20 46 53 74 72 69 6e  67 26 20 44 65 62 75 67
4c 61 62 65 6c 2c 20 46  42 61 74 63 68 48 61 6e
64 6c 65 20 42 61 74 63  68 48 61 6e 64 6c 65 20
3d 20 46 42 61 74 63 68  48 61 6e 64 6c 65 28 29
29 3b 0d 0a 09 09 7e 46  53 63 6f 70 65 64 4f 70
65 72 61 74 69 6f 6e 28  29 3b 0d 0a 0d 0a 09 09
2f 2f 20 4d 61 6e 75 61  6c 6c 79 20 63 6f 6d 70
6c 65 74 65 20 74 68 65  20 6f 70 65 72 61 74 69
6f 6e 20 65 61 72 6c 79  20 28 6f 70 74 69 6f 6e
61 6c 29 0d 0a 09 09 76  6f 69 64 20 43 6f 6d 70
6c 65 74 65 28 29 3b 0d  0a 0d 0a 09 09 46 4f 70
65 72 61 74 69 6f 6e 48  61 6e 64 6c 65 20 47 65
74 48 61 6e 64 6c 65 28  29 20 63 6f 6e 73 74 20
7b 20 72 65 74 75 72 6e  20 4f 70 65 72 61 74 69
6f 6e 48 61 6e 64 6c 65  3b 20 7d 0d 0a 09 09 62
6f 6f 6c 20 49 73 56 61  6c 69 64 28 29 20 63 6f
6e 73 74 20 7b 20 72 65  74 75 72 6e 20 4f 70 65
72 61 74 69 6f 6e 48 61  6e 64 6c 65 2e 49 73 56
61 6c 69 64 28 29 20 26  26 20 21 62 43 6f 6d 70
6c 65 74 65 64 3b 20 7d  0d 0a 0d 0a 09 70 72 69
76 61 74 65 3a 0d 0a 09  09 55 50 72 65 73 65 6e
74 61 74 69 6f 6e 53 75  62 73 79 73 74 65 6d 2a
20 53 75 62 73 79 73 74  65 6d 3b 0d 0a 09 09 46
4f 70 65 72 61 74 69 6f  6e 48 61 6e 64 6c 65 20
4f 70 65 72 61 74 69 6f  6e 48 61 6e 64 6c 65 3b
0d 0a 09 09 62 6f 6f 6c  20 62 43 6f 6d 70 6c 65
74 65 64 20 3d 20 66 61  6c 73 65 3b 0d 0a 09 7d
3b 0d 0a 0d 0a 09 2f 2f  20 52 41 49 49 20 48 65
6c 70 65 72 20 66 6f 72  20 61 75 74 6f 6d 61 74
69 63 20 62 61 74 63 68  20 6d 61 6e 61 67 65 6d
65 6e 74 0d 0a 09 63 6c  61 73 73 20 46 53 63 6f
70 65 64 42 61 74 63 68  0d 0a 09 7b 0d 0a 09 70
75 62 6c 69 63 3a 0d 0a  09 09 46 53 63 6f 70 65
64 42 61 74 63 68 28 55  50 72 65 73 65 6e 74 61
74 69 6f 6e 53 75 62 73  79 73 74 65 6d 2a 20 49
6e 53 75 62 73 79 73 74  65 6d 2c 20 63 6f 6e 73
74 20 46 53 74 72 69 6e  67 26 20 42 61 74 63 68
4e 61 6d 65 29 3b 0d 0a  09 09 7e 46 53 63 6f 70
65 64 42 61 74 63 68 28  29 3b 0d 0a 0d 0a 09 09
2f 2f 20 52 65 67 69 73  74 65 72 20 61 6e 20 6f
70 65 72 61 74 69 6f 6e  20 77 69 74 68 69 6e 20
74 68 69 73 20 62 61 74  63 68 0d 0a 09 09 46 4f
70 65 72 61 74 69 6f 6e  48 61 6e 64 6c 65 20 52
65 67 69 73 74 65 72 4f  70 65 72 61 74 69 6f 6e
28 63 6f 6e 73 74 20 46  53 74 72 69 6e 67 26 20
44 65 62 75 67 4c 61 62  65 6c 29 3b 0d 0a 0d 0a
09 09 2f 2f 20 43 72 65  61 74 65 20 61 20 73 63
6f 70 65 64 20 6f 70 65  72 61 74 69 6f 6e 20 77
69 74 68 69 6e 20 74 68  69 73 20 62 61 74 63 68
20 28 52 41 49 49 20 66  6f 72 20 6f 70 65 72 61
74 69 6f 6e 73 20 74 6f  6f 29 0d 0a 09 09 54 53
68 61 72 65 64 50 74 72  3c 46 53 63 6f 70 65 64
4f 70 65 72 61 74 69 6f  6e 3e 20 43 72 65 61 74
65 53 63 6f 70 65 64 4f  70 65 72 61 74 69 6f 6e
28 63 6f 6e 73 74 20 46  53 74 72 69 6e 67 26 20
44 65 62 75 67 4c 61 62  65 6c 29 3b 0d 0a 0d 0a
09 09 46 42 61 74 63 68  48 61 6e 64 6c 65 20 47
65 74 48 61 6e 64 6c 65  28 29 20 63 6f 6e 73 74
20 7b 20 72 65 74 75 72  6e 20 42 61 74 63 68 48
61 6e 64 6c 65 3b 20 7d  0d 0a 0d 0a 09 70 72 69
76 61 74 65 3a 0d 0a 09  09 55 50 72 65 73 65 6e
74 61 74 69 6f 6e 53 75  62 73 79 73 74 65 6d 2a
20 53 75 62 73 79 73 74  65 6d 3b 0d 0a 09 09 46
42 61 74 63 68 48 61 6e  64 6c 65 20 42 61 74 63
68 48 61 6e 64 6c 65 3b  0d 0a 09 7d 3b 0d 0a 0d
0a 70 72 69 76 61 74 65  3a 0d 0a 09 55 50 52 4f
50 45 52 54 59 28 29 0d  0a 09 54 4d 61 70 3c 46
47 75 69 64 2c 20 46 50  72 65 73 65 6e 74 61 74
69 6f 6e 42 61 74 63 68  3e 20 41 63 74 69 76 65
42 61 74 63 68 65 73 3b  0d 0a 0d 0a 09 55 50 52
4f 50 45 52 54 59 28 29  0d 0a 09 54 4d 61 70 3c
46 47 75 69 64 2c 20 46  50 72 65 73 65 6e 74 61
74 69 6f 6e 4f 70 65 72  61 74 69 6f 6e 3e 20 50
65 6e 64 69 6e 67 4f 70  65 72 61 74 69 6f 6e 73
3b 0d 0a 0d 0a 09 2f 2f  20 44 65 66 61 75 6c 74
20 62 61 74 63 68 20 66  6f 72 20 6f 70 65 72 61
74 69 6f 6e 73 20 72 65  67 69 73 74 65 72 65 64
20 77 69 74 68 6f 75 74  20 65 78 70 6c 69 63 69
74 20 62 61 74 63 68 0d  0a 09 46 42 61 74 63 68
48 61 6e 64 6c 65 20 44  65 66 61 75 6c 74 42 61
74 63 68 3b 0d 0a 0d 0a  09 2f 2f 20 53 74 61 63
6b 20 6f 66 20 61 63 74  69 76 65 20 62 61 74 63
68 20 63 6f 6e 74 65 78  74 73 20 28 66 6f 72 20
6e 65 73 74 65 64 20 73  63 6f 70 65 73 29 0d 0a
09 54 41 72 72 61 79 3c  46 42 61 74 63 68 48 61
6e 64 6c 65 3e 20 41 63  74 69 76 65 42 61 74 63
68 53 74 61 63 6b 3b 0d  0a 0d 0a 09 76 6f 69 64
20 43 68 65 63 6b 41 6e  64 42 72 6f 61 64 63 61
73 74 49 64 6c 65 28 29  3b 0d 0a 09 76 6f 69 64
20 4f 6e 42 61 74 63 68  43 6f 6d 70 6c 65 74 65
64 28 46 42 61 74 63 68  48 61 6e 64 6c 65 20 42
61 74 63 68 48 61 6e 64  6c 65 29 3b 0d 0a 0d 0a
09 2f 2f 20 49 6e 74 65  72 6e 61 6c 3a 20 50 75
73 68 2f 70 6f 70 20 61  63 74 69 76 65 20 62 61
74 63 68 20 63 6f 6e 74  65 78 74 20 28 75 73 65
64 20 62 79 20 46 53 63  6f 70 65 64 42 61 74 63
68 29 0d 0a 09 76 6f 69  64 20 50 75 73 68 41 63
74 69 76 65 42 61 74 63  68 28 46 42 61 74 63 68
48 61 6e 64 6c 65 20 42  61 74 63 68 48 61 6e 64
6c 65 29 3b 0d 0a 09 76  6f 69 64 20 50 6f 70 41
63 74 69 76 65 42 61 74  63 68 28 29 3b 0d 0a 09
46 42 61 74 63 68 48 61  6e 64 6c 65 20 47 65 74
43 75 72 72 65 6e 74 42  61 74 63 68 28 29 20 63
6f 6e 73 74 3b 0d 0a 0d  0a 09 66 72 69 65 6e 64
20 63 6c 61 73 73 20 46  53 63 6f 70 65 64 42 61
74 63 68 3b 0d 0a 7d 3b  0d 0a
